[[-9.21680706e-02  2.57593138e+01  4.78029530e+01  1.02541127e+01
   1.47917205e+01  2.22468534e+01  2.89576923e+01  4.43342722e+01
   1.02888182e+02  9.81511773e+01]
 [-2.61343170e-02  1.68907615e+01  2.91274453e+01  4.37923492e+00
   7.96034760e+00  1.37946910e+01  2.25341140e+01  3.29276963e+01
   7.36235527e+01  7.31325214e+01]
 [-7.05051707e-02 -3.41673099e+00 -3.26853008e+00 -1.49305506e+00
   4.03742638e+00  9.64946661e+00  1.64253330e+01  2.05779065e+01
   3.61216679e+01  4.67796900e+01]
 [ 7.28029500e-01 -2.95477669e+01 -4.84851974e+01 -1.03220411e+01
   9.10640486e+00  1.64988194e+01  1.58408348e+01  6.57515238e+00
  -1.95160611e+01  5.17509211e+00]
 [ 3.34781778e+00 -6.61501957e+01 -9.41730700e+01 -2.66086889e+01
   3.13342583e+01  5.20083164e+01  3.49687976e+01 -1.33010408e+01
  -7.60334461e+01 -3.97694379e+01]
 [ 9.45166223e+00 -3.11483372e+01 -5.51109649e+01 -1.30180575e+01
   9.67897571e+00  1.92284159e+01  1.27802077e+01 -6.87105074e+00
  -4.22279256e+01 -1.91959674e+01]
 [ 1.88395342e+01  5.56250782e+00 -3.61179182e+00 -1.24109387e+00
  -3.17816006e-01  7.88578074e-01  2.48368039e-01 -3.59470514e-01
  -2.43480956e+00  7.14202585e+00]
 [ 2.91648082e+01  3.16382887e+01  3.25926296e+01  7.17049307e+00
   1.42587049e+00 -5.17885281e-01 -1.31410903e+00  1.73351070e+00
   2.66734540e+01  2.05747458e+01]
 [ 3.92676476e+01  4.72805830e+01  6.47091850e+01  1.36815468e+01
   4.28711648e+00  9.08176957e-01 -5.97182006e-01  2.54745318e+00
   4.75023019e+01  2.98646550e+01]
 [ 4.96697801e+01  5.05864405e+01  6.25075703e+01  1.69670593e+01
   9.23906898e+00  3.60754875e+00  5.24198240e-01  1.79881181e+00
   3.53380080e+01  2.19531989e+01]]