[[  -0.10733499    1.22837196    3.12090317    5.94903923    9.56819741
    18.57759021   27.03990817   38.31077566   43.27117812   58.09391196]
 [  -0.22109677   -0.28442219   -0.11222575    1.23325804    2.29655278
     5.44798843    9.25823306   14.03357732   18.22241139   20.5564382 ]
 [   0.86936558   -3.06481814   -6.87046857  -11.04367809  -17.75758276
   -23.62506101  -31.827499    -37.93008825  -46.65835344  -48.30688071]
 [   5.62087376   -4.89675622  -15.20763718  -30.13044225  -44.07076949
   -53.17540056  -75.77179366  -81.46575885 -102.72893468 -104.45728242]
 [  14.9892662    14.17154111   10.07706889    8.55553717    5.47060288
     1.14225433   -2.86704894   -6.97702026  -10.30792731  -13.5526448 ]
 [  31.55889417   32.03235082   31.45396445   29.79121185   31.42495476
    36.48196271   41.15281134   44.05115309   54.63939652   58.38853042]
 [  46.70985971   39.74660275   46.72734652   42.18665548   49.16666012
    48.2810973    56.23070632   57.21085244   73.7329142    71.23393023]
 [  59.92105816   49.74677308   49.25727285   51.13307392   44.24555421
    42.31642508   48.06858018   45.16434912   36.37870351   35.48479884]
 [  73.86007429   67.61069451   53.63665005   42.33027392   29.95329777
    23.2379774     6.80047722   -6.51034085  -17.38403455  -25.29459087]
 [  87.70196508   93.21368424   76.39767409   71.57047774   50.8938965
    45.27611522   29.53327437   14.94271231    3.25065819   -5.1076815 ]]