[[ 2.59567102e-01  9.21458686e+00  4.38472090e+01  5.26309476e+01
   1.72189098e+01  9.80329273e+00  1.35159180e+01  1.59795008e+01
   2.38105920e+01  3.02038517e+01  3.31810027e+01  4.79872397e+01
   8.08565790e+01  1.02863545e+02  9.86381945e+01]
 [-2.89069747e-01  6.36990333e+00  3.50250494e+01  4.37022002e+01
   1.37704835e+01  6.12464650e+00  7.71264286e+00  1.18806518e+01
   1.92324609e+01  2.39015911e+01  3.19553852e+01  4.14394220e+01
   7.48567429e+01  1.05378488e+02  8.41822331e+01]
 [-1.53780292e-01  3.04286601e+00  2.08769039e+01  2.36104978e+01
   6.76271415e+00  3.40598680e+00  5.25174881e+00  9.81118112e+00
   1.46009460e+01  1.91448637e+01  2.59942005e+01  3.52741490e+01
   5.74465193e+01  7.75613569e+01  6.53688833e+01]
 [-2.93200872e-01 -2.17409654e+00 -9.13047421e-01 -1.54807598e-01
  -1.87598941e+00 -2.71706453e-01  2.81425567e+00  6.45658301e+00
   9.79512509e+00  1.33721719e+01  2.02605897e+01  2.29592029e+01
   2.84980013e+01  3.82303118e+01  4.77087185e+01]
 [ 3.63302742e-01 -8.84165285e+00 -2.65216370e+01 -3.01882374e+01
  -1.36603887e+01 -3.70740716e+00  3.07727555e+00  8.67819486e+00
   1.23697648e+01  1.33102391e+01  1.51522038e+01  1.44184348e+01
   8.01572574e+00  4.70171825e+00  2.22991708e+01]
 [ 1.54416812e+00 -2.03100220e+01 -5.56922904e+01 -6.35487845e+01
  -3.17854365e+01 -7.35598099e+00  1.00155867e+01  2.13920563e+01
   2.68651662e+01  2.41147341e+01  1.53908228e+01  8.73389383e-01
  -2.30166848e+01 -3.95428198e+01 -5.16337572e+00]
 [ 3.11941148e+00 -3.45025773e+01 -8.40061367e+01 -1.03715299e+02
  -5.03863980e+01 -1.10122205e+01  1.88038653e+01  4.19187300e+01
   4.73250525e+01  4.00655721e+01  1.52542916e+01 -1.63740937e+01
  -5.44742141e+01 -8.57840323e+01 -3.60543495e+01]
 [ 7.28795391e+00 -3.13688366e+01 -7.51795256e+01 -8.48869075e+01
  -4.20314516e+01 -1.00980356e+01  1.89824023e+01  3.80436177e+01
   3.93790455e+01  3.28559641e+01  1.10128577e+01 -1.54535295e+01
  -5.85247412e+01 -8.69214694e+01 -3.83407439e+01]
 [ 1.07036168e+01 -1.03964887e+01 -4.25365144e+01 -4.51414667e+01
  -2.32860812e+01 -5.88698237e+00  5.75402846e+00  1.29917940e+01
   1.32957206e+01  1.11959714e+01  4.41611781e+00 -6.80376452e+00
  -2.51388204e+01 -4.17363386e+01 -1.43843416e+01]
 [ 1.50579258e+01  5.98338307e+00 -9.16430345e+00 -1.30785831e+01
  -6.25430900e+00 -2.20838727e+00  1.49717719e-01  1.19470255e+00
   2.54733049e+00  1.67987718e+00  5.97676518e-01 -1.48616294e+00
  -7.15204068e+00 -1.02557648e+01  2.35947348e+00]
 [ 2.12973481e+01  1.67241058e+01  1.74597386e+01  1.37387212e+01
   5.96561507e+00  1.02519234e+00 -1.64682879e-01 -4.16640544e-01
  -7.86335075e-01 -9.78911879e-01 -4.54152549e-01  1.13771592e+00
   8.29220493e+00  1.59940830e+01  1.45273079e+01]
 [ 2.68662126e+01  2.66448860e+01  4.10355239e+01  4.14859663e+01
   1.41287666e+01  4.45528609e+00  1.87491891e+00  3.91359785e-01
  -4.63932603e-01 -1.21170642e+00 -7.17144648e-01  3.30617650e+00
   2.06210265e+01  3.41381104e+01  2.22863814e+01]
 [ 3.73917464e+01  3.47594275e+01  5.46069029e+01  6.05209594e+01
   2.48143293e+01  9.34006741e+00  3.87004105e+00  1.69069599e+00
   4.92000217e-01 -9.38253070e-01 -7.08957494e-01  4.44247086e+00
   2.45485791e+01  5.24944332e+01  2.97466374e+01]
 [ 4.34828712e+01  4.21813610e+01  6.15525330e+01  6.41521364e+01
   3.04989314e+01  1.21791067e+01  7.40301885e+00  3.89324830e+00
   1.33438131e+00 -3.17724122e-03 -4.77995519e-01  4.21628793e+00
   2.63348015e+01  5.32759222e+01  2.38738000e+01]
 [ 5.03921067e+01  4.67941465e+01  6.57095366e+01  6.07091647e+01
   2.77512712e+01  1.61569293e+01  8.36062297e+00  5.73154749e+00
   2.74830571e+00  7.34516896e-01 -1.70360687e-01  2.36793622e+00
   2.11945681e+01  3.82006740e+01  1.93747223e+01]]