[[ 2.82355637e+00  4.73286572e+00  8.76776194e+00  1.73691539e+01
   3.03230009e+01  4.70924503e+01  5.72514840e+01  5.34445945e+01
   3.83550999e+01  2.37123518e+01  1.77136113e+01  1.41415440e+01
   1.19834964e+01  1.31532983e+01  1.55117132e+01  1.64496922e+01
   1.79689614e+01  2.24014882e+01  2.22968537e+01  2.32991494e+01
   2.62297758e+01  2.80694818e+01  3.02455444e+01  3.42015980e+01
   4.27024967e+01  4.81631935e+01  5.34240601e+01  5.53072127e+01
   7.01633240e+01  8.67715858e+01  1.09889768e+02  1.11917632e+02
   1.11070080e+02  9.60608263e+01  8.14931629e+01  8.26036976e+01
   8.67464254e+01  9.71594501e+01  1.02775160e+02  9.59865027e+01]
 [ 2.67915912e+00  4.10578425e+00  8.23868067e+00  1.76328040e+01
   3.12333146e+01  4.14761503e+01  5.09869502e+01  4.52794710e+01
   3.58684306e+01  2.20774749e+01  1.64672733e+01  1.15555949e+01
   1.16924068e+01  1.20379498e+01  1.38942818e+01  1.37584426e+01
   1.80648417e+01  2.01499510e+01  2.21611350e+01  2.51160082e+01
   2.36625979e+01  2.95948287e+01  2.87552883e+01  3.09068643e+01
   3.67387510e+01  4.37884705e+01  5.06283797e+01  5.65063838e+01
   7.00066793e+01  9.32204120e+01  1.02308725e+02  1.14917455e+02
   1.03472539e+02  9.12696383e+01  8.55343006e+01  8.02719756e+01
   8.75276117e+01  8.95364680e+01  9.07692022e+01  9.20233898e+01]
 [ 2.84432537e+00  4.09280828e+00  7.14820703e+00  1.38803551e+01
   2.41566337e+01  4.15675785e+01  4.62318773e+01  3.93991715e+01
   2.89793430e+01  1.94865733e+01  1.21436188e+01  1.01579856e+01
   9.82234283e+00  9.31072957e+00  1.02415032e+01  1.15398900e+01
   1.37339191e+01  1.52908301e+01  1.81619223e+01  1.90957340e+01
   2.18079288e+01  2.59939949e+01  2.88638825e+01  3.00710704e+01
   3.21825080e+01  3.45333998e+01  4.60724507e+01  5.47847182e+01
   6.90040375e+01  8.73672740e+01  8.98331503e+01  1.05654571e+02
   9.39820429e+01  8.11471948e+01  8.71868548e+01  8.32710382e+01
   8.11002322e+01  8.68700521e+01  7.86695680e+01  8.97449932e+01]
 [ 2.31206144e+00  3.24728490e+00  6.62294325e+00  1.19778618e+01
   2.25352591e+01  3.37911841e+01  3.77226376e+01  3.63667743e+01
   2.60205455e+01  1.54952470e+01  1.10264357e+01  7.54447016e+00
   6.95220692e+00  8.40462551e+00  9.68457865e+00  1.16670988e+01
   1.30717402e+01  1.52047469e+01  1.52080481e+01  2.03704273e+01
   2.08341766e+01  2.21147637e+01  2.28487240e+01  3.01819590e+01
   2.83555856e+01  3.65086964e+01  3.87277837e+01  4.25381337e+01
   5.17326315e+01  6.46122506e+01  8.55536346e+01  8.54808479e+01
   7.74548108e+01  8.07463733e+01  7.13123907e+01  7.05139841e+01
   7.45847152e+01  7.45342937e+01  8.55821225e+01  7.97382839e+01]
 [ 2.68089339e+00  2.70778213e+00  4.04428816e+00  7.95080548e+00
   1.39304390e+01  2.09499302e+01  2.59014430e+01  2.36686660e+01
   1.88812328e+01  1.20337396e+01  7.21917011e+00  5.37540180e+00
   5.85131609e+00  5.94468280e+00  7.52079444e+00  9.93261117e+00
   1.06249959e+01  1.24634083e+01  1.56283104e+01  1.70454702e+01
   2.01406405e+01  2.13580509e+01  2.42749624e+01  2.36962085e+01
   2.85538401e+01  3.18340450e+01  3.34587822e+01  4.46500668e+01
   5.38265795e+01  6.36210111e+01  6.49733292e+01  7.35822254e+01
   7.91787661e+01  6.58882904e+01  6.31311942e+01  6.80852666e+01
   6.25111525e+01  7.01150408e+01  7.10481912e+01  7.62008115e+01]
 [ 2.36179729e+00  1.98655171e+00  2.63985470e+00  3.98637335e+00
   7.15814323e+00  1.21707697e+01  1.34056384e+01  1.27058265e+01
   9.73526492e+00  5.66910208e+00  3.53028068e+00  3.57297378e+00
   4.16798055e+00  5.26792879e+00  6.76906224e+00  7.36255032e+00
   9.10235927e+00  1.17015738e+01  1.29233870e+01  1.40428229e+01
   1.60575448e+01  1.95139765e+01  2.12388196e+01  2.08282872e+01
   2.33385239e+01  2.86387994e+01  3.32378498e+01  3.17641498e+01
   3.85162317e+01  4.73450427e+01  5.17237261e+01  5.65837591e+01
   5.38771151e+01  5.40344212e+01  6.12369716e+01  6.66442592e+01
   5.95932280e+01  7.09368800e+01  7.59460265e+01  8.16436056e+01]
 [ 2.69394852e+00  1.04404902e+00  8.95309070e-02 -5.57004738e-01
  -9.05128914e-01 -9.45549966e-01 -7.93691341e-01 -8.11865466e-01
  -8.66142440e-01 -6.86147981e-01  1.13362432e-02  1.10133256e+00
   2.27654661e+00  4.09584898e+00  4.88034825e+00  7.61602840e+00
   8.97617076e+00  1.12468854e+01  1.20556367e+01  1.35767971e+01
   1.42617572e+01  1.60577478e+01  1.73227600e+01  1.91596352e+01
   2.35981316e+01  2.44407074e+01  2.61026076e+01  2.92802361e+01
   2.87423299e+01  3.41436488e+01  3.68665559e+01  4.36756155e+01
   4.41793691e+01  4.80135008e+01  5.33935965e+01  5.53163685e+01
   5.62645091e+01  6.49540388e+01  6.32016334e+01  7.46960813e+01]
 [ 2.55268307e+00  1.80055928e-01 -2.34237333e+00 -5.48746594e+00
  -1.05409899e+01 -1.56139877e+01 -1.66300597e+01 -1.47072699e+01
  -1.14900335e+01 -7.72320892e+00 -4.04080680e+00 -1.51943437e+00
   6.74383298e-01  2.78365347e+00  4.69142579e+00  6.42072186e+00
   9.55229016e+00  1.08377530e+01  1.10351282e+01  1.36957716e+01
   1.55814054e+01  1.49766156e+01  1.57281453e+01  1.74063902e+01
   1.85917247e+01  2.09117046e+01  1.91597354e+01  2.07791824e+01
   2.19950047e+01  1.80156710e+01  1.90899627e+01  2.20780429e+01
   2.84440186e+01  3.73689493e+01  4.01701656e+01  4.76184819e+01
   5.45193030e+01  5.52543342e+01  6.75345372e+01  6.32485701e+01]
 [ 2.85037441e+00 -1.05612449e+00 -6.38521632e+00 -1.35179533e+01
  -2.14512438e+01 -2.64184522e+01 -3.35703069e+01 -2.79827459e+01
  -2.36151980e+01 -1.66891790e+01 -9.95899131e+00 -4.97016477e+00
  -8.68074866e-01  2.38916052e+00  5.00595007e+00  8.22607357e+00
   1.07452895e+01  1.17068515e+01  1.34250051e+01  1.49284997e+01
   1.69906202e+01  1.75943848e+01  1.89920508e+01  1.85887451e+01
   1.68225486e+01  1.74687033e+01  1.54641102e+01  1.33566436e+01
   8.66157303e+00  2.90822093e+00 -4.99077438e-01  1.57833905e+00
   9.66185975e+00  2.12177850e+01  3.28103090e+01  4.07313619e+01
   4.74185915e+01  5.17084102e+01  6.51177244e+01  6.98111426e+01]
 [ 3.80682303e+00 -3.24844568e+00 -1.00086002e+01 -2.07705113e+01
  -3.57560387e+01 -4.18980708e+01 -5.14294998e+01 -4.42733745e+01
  -3.97359058e+01 -2.81704839e+01 -1.47417488e+01 -8.14082752e+00
  -2.48595663e+00  2.96721039e+00  7.56284962e+00  1.16146814e+01
   1.65558859e+01  1.76069227e+01  1.91682840e+01  2.33858231e+01
   2.34496907e+01  2.11863515e+01  1.99910925e+01  1.75027661e+01
   1.51119445e+01  1.30412865e+01  7.78596088e+00  2.87435475e+00
  -5.37612681e+00 -1.41285202e+01 -2.29074982e+01 -2.16262728e+01
  -8.61111257e+00  5.88872843e+00  1.91411073e+01  3.27878252e+01
   4.34584486e+01  5.21834882e+01  6.52537165e+01  6.31427361e+01]
 [ 4.48758582e+00 -5.65251759e+00 -1.66098439e+01 -3.09853740e+01
  -4.97056156e+01 -6.17551030e+01 -6.92368280e+01 -6.47727558e+01
  -5.27990606e+01 -4.27062610e+01 -2.63896452e+01 -1.49951096e+01
  -4.36338746e+00  4.51902559e+00  1.28562225e+01  2.05440450e+01
   2.43860650e+01  2.76604701e+01  3.08942531e+01  3.18752851e+01
   3.55106288e+01  3.06676072e+01  2.58399855e+01  1.88341097e+01
   1.54279809e+01  8.29591330e+00  3.07390369e-01 -9.85081045e+00
  -2.18209607e+01 -3.38864601e+01 -4.46376915e+01 -4.46054212e+01
  -3.24786993e+01 -1.11337728e+01  6.46788253e+00  2.11359260e+01
   3.88390486e+01  4.44862343e+01  5.59322106e+01  6.44384611e+01]
 [ 5.05166555e+00 -9.48762773e+00 -2.51761534e+01 -4.55743443e+01
  -6.78773537e+01 -8.73672974e+01 -1.02660176e+02 -8.68579998e+01
  -6.73357254e+01 -5.68002265e+01 -3.53309520e+01 -1.82922455e+01
  -5.86668339e+00  7.02301230e+00  1.99882415e+01  2.84318042e+01
   4.03469567e+01  4.17120269e+01  4.93137149e+01  4.96828216e+01
   4.46777899e+01  4.31090074e+01  3.46191308e+01  2.71641822e+01
   1.37977979e+01  3.85400642e+00 -8.48738300e+00 -2.05229950e+01
  -3.97404039e+01 -5.75058109e+01 -7.43762989e+01 -7.26590474e+01
  -5.14544835e+01 -3.12781741e+01 -7.78621810e+00  1.09335835e+01
   2.99721907e+01  4.66252057e+01  5.47927845e+01  7.62826910e+01]
 [ 6.41394444e+00 -1.03546548e+01 -2.79713519e+01 -4.91135354e+01
  -7.11598187e+01 -1.02918251e+02 -1.02691713e+02 -1.08061719e+02
  -7.41247347e+01 -5.62443557e+01 -4.13803429e+01 -2.30410344e+01
  -6.20359115e+00  7.92022753e+00  2.36910615e+01  3.66837798e+01
   4.23265924e+01  5.44432893e+01  5.66792288e+01  5.76559950e+01
   5.29868620e+01  5.00297747e+01  3.85437596e+01  2.72604472e+01
   1.33131536e+01  7.62507923e-01 -1.42239681e+01 -3.14001014e+01
  -4.76033976e+01 -7.02487616e+01 -8.74914804e+01 -8.66249612e+01
  -7.21972665e+01 -3.99848893e+01 -1.68378001e+01  3.05365196e+00
   2.40148065e+01  4.29816845e+01  5.45189289e+01  7.93332394e+01]
 [ 9.06239088e+00 -7.53566968e+00 -2.36406011e+01 -4.94285907e+01
  -6.65870461e+01 -8.41541154e+01 -1.07450048e+02 -1.00582286e+02
  -7.45508075e+01 -5.63416220e+01 -3.89667850e+01 -2.12782346e+01
  -6.02026208e+00  7.04704215e+00  2.17274014e+01  3.24094679e+01
   4.10765446e+01  4.42916867e+01  4.91555655e+01  5.29664326e+01
   5.24082282e+01  3.94585918e+01  3.17751539e+01  2.48182793e+01
   1.15573407e+01 -4.35392723e-01 -1.30443752e+01 -3.13463978e+01
  -4.81575867e+01 -6.76112887e+01 -7.98354492e+01 -8.33374743e+01
  -6.68770772e+01 -4.14807561e+01 -1.90936124e+01  1.94515936e+00
   2.13775165e+01  3.60901593e+01  5.62785158e+01  7.58528442e+01]
 [ 1.11662953e+01 -2.77659321e+00 -1.76315939e+01 -3.30694005e+01
  -5.72980359e+01 -7.03329687e+01 -7.51448900e+01 -7.56941360e+01
  -6.82749491e+01 -4.86030289e+01 -3.10282859e+01 -1.46272324e+01
  -5.24503165e+00  4.97760528e+00  1.52323453e+01  2.46324809e+01
   2.74476470e+01  3.48800632e+01  3.97650703e+01  3.40596163e+01
   3.37351257e+01  3.32375108e+01  2.53138644e+01  1.82883614e+01
   1.03486927e+01  4.45684907e-02 -9.81784589e+00 -2.43966854e+01
  -3.49237349e+01 -5.32968088e+01 -6.80750004e+01 -7.08092059e+01
  -4.93471854e+01 -2.86387796e+01 -1.23439443e+01  5.60865465e+00
   2.24694234e+01  3.73009444e+01  4.89532394e+01  6.51153095e+01]
 [ 1.19844149e+01  3.84629290e+00 -7.36285881e+00 -1.88295702e+01
  -3.56670337e+01 -5.47057492e+01 -6.20142375e+01 -5.23761128e+01
  -4.27226417e+01 -2.90770148e+01 -1.98866186e+01 -9.36945308e+00
  -3.17477208e+00  3.17326647e+00  8.88556433e+00  1.38285392e+01
   1.80429826e+01  1.84104656e+01  2.03911920e+01  2.38927771e+01
   2.28370486e+01  2.07278811e+01  1.49321197e+01  1.22687300e+01
   6.68668918e+00  1.08923266e+00 -5.71826869e+00 -1.26542740e+01
  -2.44480919e+01 -3.99064070e+01 -4.47405449e+01 -4.36184762e+01
  -3.77740134e+01 -1.70847024e+01 -2.25104330e+00  1.10711479e+01
   2.09039345e+01  2.97579006e+01  4.02820977e+01  4.93337811e+01]
 [ 1.48437858e+01  8.25648354e+00  1.66246653e+00 -7.47674007e+00
  -1.72067876e+01 -3.21098008e+01 -3.35083320e+01 -3.15078251e+01
  -2.53764179e+01 -1.61278996e+01 -1.02754979e+01 -5.74783763e+00
  -1.59209606e+00  1.80971351e+00  4.34498252e+00  7.24274065e+00
   8.66174862e+00  1.15355459e+01  1.24677384e+01  1.19508912e+01
   1.16490827e+01  1.05714458e+01  9.15677027e+00  7.12175713e+00
   4.24240179e+00  1.94130206e+00 -1.67022649e+00 -6.83473487e+00
  -1.22492509e+01 -2.24128048e+01 -2.75057548e+01 -2.65990820e+01
  -1.91462523e+01 -6.87024841e+00  4.51384349e+00  1.37349178e+01
   2.16069539e+01  3.05772502e+01  3.77562049e+01  4.02926117e+01]
 [ 1.98078503e+01  1.29257312e+01  9.20987027e+00  2.58359158e+00
  -4.53207196e+00 -1.15656686e+01 -1.85385093e+01 -1.53726778e+01
  -1.32729969e+01 -7.73314638e+00 -3.66295304e+00 -1.37768805e+00
   1.83512401e-01  1.39926938e+00  2.74318291e+00  4.03097587e+00
   4.31290462e+00  5.63237297e+00  5.66579305e+00  6.41004463e+00
   5.51260328e+00  5.73301332e+00  5.37846254e+00  4.24197457e+00
   2.95861214e+00  2.37422619e+00  7.88811133e-01 -1.59903616e+00
  -5.34969791e+00 -8.78677174e+00 -1.26264417e+01 -1.25501056e+01
  -6.23654573e+00  2.26517089e+00  1.05944074e+01  1.44083778e+01
   2.27684152e+01  2.54060478e+01  3.11824706e+01  3.76220936e+01]
 [ 1.90037532e+01  1.70657068e+01  1.41672368e+01  9.90564620e+00
   6.95195367e+00  3.24336671e+00  9.21262405e-01 -7.44261740e-02
   2.10240475e-01  7.90948225e-01  1.31056670e+00  1.76479773e+00
   1.84340556e+00  2.09122698e+00  2.53748397e+00  2.64626241e+00
   3.09780154e+00  3.03039142e+00  3.25362717e+00  3.34270504e+00
   2.99534453e+00  2.89169041e+00  2.67042076e+00  2.80486253e+00
   2.50692532e+00  2.48048006e+00  2.23162374e+00  2.14764470e+00
   1.76185545e+00  1.19736952e+00  1.14703930e+00  2.66747966e+00
   5.67628692e+00  9.25442819e+00  1.40029138e+01  1.75596396e+01
   2.00321639e+01  2.25363972e+01  2.83917101e+01  2.86339420e+01]
 [ 2.55009732e+01  2.21178380e+01  2.09195897e+01  1.66466192e+01
   1.71066040e+01  1.67403652e+01  1.89894258e+01  1.38923433e+01
   1.26708493e+01  8.44870946e+00  6.05298550e+00  4.54638851e+00
   3.48927779e+00  2.99789784e+00  3.00154919e+00  2.63756135e+00
   2.35421289e+00  2.23564070e+00  2.40846591e+00  2.26127634e+00
   1.88436497e+00  2.18614115e+00  2.07814383e+00  1.98798345e+00
   2.02374676e+00  2.49653207e+00  3.46750936e+00  5.15787191e+00
   7.21607902e+00  9.87517200e+00  1.40212712e+01  1.52226188e+01
   1.61450962e+01  1.44980435e+01  1.68551116e+01  1.56444363e+01
   2.10791410e+01  2.12132785e+01  2.66784641e+01  3.01318787e+01]
 [ 2.49163933e+01  2.62492486e+01  2.58860926e+01  2.55095868e+01
   2.66173233e+01  3.34220567e+01  3.07980923e+01  2.93211484e+01
   2.46073119e+01  1.41214759e+01  9.53057498e+00  6.49127732e+00
   5.42987243e+00  3.88369898e+00  3.51499243e+00  3.13072646e+00
   2.46777530e+00  2.54701303e+00  2.25485771e+00  1.79143273e+00
   1.57146881e+00  1.63005427e+00  1.52195906e+00  1.80216412e+00
   2.25443365e+00  2.68189790e+00  4.78291161e+00  7.61596655e+00
   1.30506607e+01  1.79053059e+01  2.57985199e+01  2.97018434e+01
   2.41271867e+01  1.97376186e+01  1.94174007e+01  1.63518034e+01
   1.95357140e+01  2.16050098e+01  2.28276859e+01  2.45786428e+01]
 [ 2.79947714e+01  3.12586620e+01  2.86042063e+01  2.87762779e+01
   3.65895300e+01  4.41613427e+01  4.56793644e+01  4.28331352e+01
   3.49633622e+01  2.08861364e+01  1.42875101e+01  9.26117675e+00
   6.98506245e+00  5.43315528e+00  4.78125915e+00  3.72381374e+00
   2.91538665e+00  2.89856109e+00  2.26868713e+00  2.01774441e+00
   1.76645366e+00  1.60162450e+00  1.37110780e+00  1.75036356e+00
   2.21088938e+00  3.03517713e+00  5.60043858e+00  8.99640820e+00
   1.83671829e+01  2.63085377e+01  3.80257011e+01  4.04455141e+01
   3.49388828e+01  2.59046794e+01  1.89994565e+01  1.86875976e+01
   1.78918742e+01  1.83372193e+01  1.84593620e+01  2.18288777e+01]
 [ 3.30885729e+01  3.13885910e+01  3.28181428e+01  3.95234307e+01
   4.69207445e+01  5.76904696e+01  6.20269302e+01  5.45306789e+01
   3.63478712e+01  2.85067871e+01  1.81633487e+01  1.26234712e+01
   8.23182866e+00  7.64234042e+00  5.39686965e+00  4.36552406e+00
   4.28422194e+00  3.68066398e+00  3.12688839e+00  2.39136222e+00
   1.94346846e+00  1.80469671e+00  1.47030074e+00  1.72156732e+00
   2.02317098e+00  3.52851635e+00  5.55884797e+00  1.22041534e+01
   2.20507035e+01  3.57235028e+01  4.09672021e+01  5.06335901e+01
   4.22148424e+01  2.96346094e+01  1.89210668e+01  1.80379793e+01
   1.56317818e+01  1.83249206e+01  1.95285215e+01  2.18913553e+01]
 [ 3.95895661e+01  3.47247695e+01  3.48788543e+01  4.35626429e+01
   5.39652089e+01  6.12944969e+01  6.80954063e+01  5.69075452e+01
   4.35084971e+01  3.38202253e+01  2.19336515e+01  1.54238834e+01
   1.11092962e+01  7.94193674e+00  6.99202931e+00  6.18424924e+00
   5.27490470e+00  4.17125844e+00  3.54843930e+00  2.73716426e+00
   2.50103302e+00  2.00476243e+00  1.79482298e+00  1.74265561e+00
   2.29825375e+00  3.15666080e+00  6.40461967e+00  1.31777555e+01
   2.29179096e+01  3.86626604e+01  5.33805092e+01  5.23110189e+01
   4.55107372e+01  3.13839529e+01  2.17614575e+01  1.51731173e+01
   1.44009686e+01  1.47693729e+01  1.60338383e+01  2.02137295e+01]
 [ 4.02014239e+01  3.82403640e+01  4.23060768e+01  4.35796503e+01
   6.17041635e+01  6.28380042e+01  8.04124115e+01  7.02446115e+01
   5.04307834e+01  3.57463994e+01  2.50200338e+01  1.66192667e+01
   1.30729838e+01  9.70228895e+00  8.29693094e+00  6.71435883e+00
   5.60771595e+00  5.37898252e+00  4.20949823e+00  3.44881611e+00
   3.15201072e+00  2.17267837e+00  2.10119823e+00  1.87386532e+00
   2.08559452e+00  3.70525859e+00  7.04711528e+00  1.37415710e+01
   2.61003102e+01  3.88752967e+01  5.47485941e+01  5.54363790e+01
   4.62516075e+01  3.03230217e+01  2.22181470e+01  1.41975850e+01
   1.23005449e+01  1.27118993e+01  1.52608825e+01  1.65188229e+01]
 [ 4.75820950e+01  4.14095041e+01  4.24763932e+01  4.49944339e+01
   6.18023840e+01  7.75372738e+01  7.06041349e+01  7.20495593e+01
   5.12994516e+01  3.52369974e+01  2.51879078e+01  1.97838345e+01
   1.35587946e+01  1.15757453e+01  9.33113701e+00  8.17667412e+00
   6.57985549e+00  6.42375123e+00  4.87966470e+00  4.69537961e+00
   3.57796980e+00  2.96313160e+00  2.48819995e+00  2.23777319e+00
   2.20523275e+00  3.25896914e+00  5.68081860e+00  1.33367746e+01
   2.16163411e+01  3.63842156e+01  5.18410022e+01  5.56763608e+01
   4.73935699e+01  2.86297957e+01  2.14527413e+01  1.36649746e+01
   1.26443564e+01  1.17453231e+01  1.31006504e+01  1.39544014e+01]
 [ 4.25249616e+01  4.16346865e+01  4.38510685e+01  5.27301216e+01
   5.99192311e+01  6.96177119e+01  6.97452479e+01  7.14766826e+01
   5.24033234e+01  4.09044754e+01  2.88276591e+01  1.89981299e+01
   1.44140635e+01  1.42917276e+01  1.06626444e+01  1.02099248e+01
   8.67433852e+00  7.17425217e+00  6.07974202e+00  5.51423852e+00
   3.97686492e+00  3.33697700e+00  2.92487166e+00  2.51596466e+00
   2.33689220e+00  3.15725543e+00  5.67606877e+00  1.19397679e+01
   2.12385044e+01  3.57927067e+01  5.18989581e+01  4.66951782e+01
   4.26403208e+01  2.60135583e+01  1.73460929e+01  1.32567743e+01
   9.48624701e+00  9.49771752e+00  1.18146686e+01  1.31300028e+01]
 [ 4.77692372e+01  4.43090122e+01  4.90876846e+01  5.17364657e+01
   6.24222197e+01  6.80992369e+01  6.51201499e+01  6.10545858e+01
   5.25874761e+01  3.94496431e+01  2.47521853e+01  2.03804090e+01
   1.85529798e+01  1.58931442e+01  1.19055317e+01  1.19680446e+01
   9.41551230e+00  8.04628322e+00  6.82065554e+00  6.51873339e+00
   4.56140722e+00  4.32945122e+00  3.12504792e+00  2.75640352e+00
   2.43509278e+00  2.99018636e+00  4.87428438e+00  9.33452133e+00
   1.82853636e+01  2.98182832e+01  4.07883188e+01  4.68593587e+01
   3.62670813e+01  2.52406796e+01  1.54124999e+01  9.34062596e+00
   9.28812830e+00  8.11680321e+00  9.19114915e+00  1.19394320e+01]
 [ 5.05559060e+01  4.83769937e+01  5.23648997e+01  4.99854040e+01
   5.60934492e+01  5.98656857e+01  6.84914692e+01  6.02928732e+01
   4.52898803e+01  3.80886141e+01  2.77947985e+01  2.16976591e+01
   1.88535632e+01  1.60478430e+01  1.51340953e+01  1.32025825e+01
   1.08510159e+01  9.23667723e+00  8.92635579e+00  7.13708999e+00
   5.63078270e+00  5.00028459e+00  3.49966073e+00  3.09131781e+00
   2.52686846e+00  2.43761078e+00  3.72688967e+00  6.95983964e+00
   1.26454760e+01  2.22937922e+01  2.85257414e+01  2.96656438e+01
   2.81488128e+01  1.84032394e+01  1.13867239e+01  8.04159840e+00
   6.57541015e+00  6.96477213e+00  8.14176530e+00  9.25547760e+00]
 [ 5.57160060e+01  5.66397201e+01  5.42220366e+01  5.10020920e+01
   5.14233620e+01  5.14131323e+01  5.35978086e+01  5.38867025e+01
   3.86800732e+01  3.34918521e+01  2.71744454e+01  2.52796159e+01
   1.91323080e+01  1.77474577e+01  1.66790769e+01  1.35498630e+01
   1.30635709e+01  1.04308200e+01  1.07215480e+01  8.55885098e+00
   7.25695783e+00  6.03900842e+00  4.25800906e+00  3.26705169e+00
   2.95249255e+00  2.33278690e+00  2.73984829e+00  4.83733824e+00
   9.41507066e+00  1.37960952e+01  1.92446290e+01  2.04516006e+01
   1.60776347e+01  1.18029171e+01  6.56963807e+00  5.03091459e+00
   4.25452930e+00  4.86762842e+00  7.03804626e+00  8.38191371e+00]
 [ 6.40218721e+01  5.41129506e+01  4.98616977e+01  4.65813401e+01
   5.20618156e+01  4.96067976e+01  4.73978596e+01  4.24585910e+01
   3.72442475e+01  3.09609636e+01  2.92001781e+01  2.54999249e+01
   2.35701535e+01  1.84976764e+01  1.89577192e+01  1.71851112e+01
   1.33543650e+01  1.34676796e+01  1.07968656e+01  9.78652279e+00
   8.88239048e+00  7.32968311e+00  5.59301157e+00  4.46486170e+00
   3.00316540e+00  1.92467341e+00  1.47301499e+00  1.32482938e+00
   2.49878300e+00  4.89179699e+00  6.21775230e+00  6.15322375e+00
   5.01021209e+00  3.35706981e+00  2.01315026e+00  1.97856253e+00
   2.79905157e+00  3.48643564e+00  5.06534613e+00  6.42301999e+00]
 [ 5.69999233e+01  5.22364351e+01  5.76636075e+01  4.59797456e+01
   4.40195924e+01  3.53682584e+01  3.03205181e+01  2.79910296e+01
   2.86972692e+01  3.01331160e+01  2.50130476e+01  2.65417338e+01
   2.36378810e+01  2.14820121e+01  2.12063947e+01  1.88393457e+01
   1.70002781e+01  1.62620726e+01  1.41672712e+01  1.14529725e+01
   1.09545207e+01  9.47546990e+00  7.45636628e+00  5.19767917e+00
   3.78011856e+00  1.51369333e+00 -2.02802105e-01 -2.23428318e+00
  -4.52459708e+00 -5.98846912e+00 -8.01620639e+00 -8.35699441e+00
  -6.67053679e+00 -5.50948655e+00 -3.18417937e+00 -1.23702531e+00
   5.76483369e-01  2.26719122e+00  4.19701741e+00  6.22877521e+00]
 [ 6.36097707e+01  5.52556796e+01  5.59133811e+01  4.44272405e+01
   3.72766593e+01  2.75021013e+01  2.03082201e+01  1.71148509e+01
   1.95311097e+01  2.53266070e+01  2.60602331e+01  2.68788563e+01
   2.51740822e+01  2.52249749e+01  2.45454369e+01  2.20301079e+01
   2.23462438e+01  2.10024718e+01  1.75345772e+01  1.57684006e+01
   1.48153420e+01  1.23652550e+01  1.05141401e+01  6.50059666e+00
   4.18887964e+00  1.25382690e+00 -2.33939191e+00 -6.54844105e+00
  -1.10292281e+01 -1.88888435e+01 -2.18775833e+01 -2.67006384e+01
  -2.16991619e+01 -1.36393447e+01 -8.23670054e+00 -4.77543477e+00
  -1.60100289e+00  1.29924944e+00  3.48639636e+00  6.65993060e+00]
 [ 7.35157936e+01  6.09266345e+01  5.69363396e+01  3.78745546e+01
   2.82060606e+01  1.26557068e+01  5.06987559e+00  4.69350462e+00
   1.12729527e+01  1.81891604e+01  2.15915669e+01  2.28516870e+01
   2.48768386e+01  2.93223502e+01  2.96499033e+01  2.55630145e+01
   2.83240706e+01  2.68517470e+01  2.47252020e+01  2.17810410e+01
   1.93320033e+01  1.85372647e+01  1.39688825e+01  1.02926502e+01
   5.52843241e+00  6.84160763e-01 -5.44526513e+00 -1.18184006e+01
  -2.05973293e+01 -2.96476224e+01 -3.66200346e+01 -4.60932324e+01
  -3.87882611e+01 -2.33055027e+01 -1.49639378e+01 -8.99058765e+00
  -3.77950280e+00  3.83154763e-01  4.78304004e+00  8.27932361e+00]
 [ 7.20108580e+01  6.74430082e+01  5.21213195e+01  3.67371381e+01
   1.50099225e+01 -1.16570057e+00 -1.13776839e+01 -1.19758349e+01
  -2.03470161e+00  9.11832821e+00  1.61638954e+01  2.44126722e+01
   2.93430447e+01  3.00647561e+01  3.24337873e+01  3.35347218e+01
   3.82519116e+01  4.15175537e+01  3.93018152e+01  3.35722027e+01
   3.25320594e+01  2.56888801e+01  2.11970012e+01  1.48234114e+01
   7.68047471e+00 -1.75693610e-01 -9.90322733e+00 -2.07650860e+01
  -3.19759677e+01 -4.79569155e+01 -6.36308168e+01 -6.74363964e+01
  -5.66667270e+01 -3.66153578e+01 -2.81793643e+01 -1.63125147e+01
  -6.70038833e+00  1.32154058e-01  6.44519542e+00  1.36629882e+01]
 [ 7.89304064e+01  5.77617315e+01  4.38952809e+01  2.57719164e+01
   3.20771675e+00 -1.79751002e+01 -3.01185620e+01 -3.11185776e+01
  -1.59594727e+01 -1.65100498e+00  1.07248705e+01  2.05750276e+01
   3.16738921e+01  3.91223550e+01  4.66249881e+01  5.35872682e+01
   5.33866441e+01  5.96090936e+01  4.94909896e+01  5.54171427e+01
   4.64112284e+01  4.28083775e+01  3.06044887e+01  2.37344707e+01
   1.00147877e+01 -1.41404366e+00 -1.52134184e+01 -3.04471512e+01
  -4.93269921e+01 -6.56077263e+01 -8.73011603e+01 -8.56429975e+01
  -6.58702297e+01 -5.85244165e+01 -3.87570722e+01 -2.32628746e+01
  -1.05374087e+01  3.93434628e-01  1.11143718e+01  2.01990906e+01]
 [ 7.93088544e+01  6.83300172e+01  4.58125349e+01  1.72863778e+01
  -6.44704124e+00 -3.22968721e+01 -4.70286617e+01 -4.35316709e+01
  -2.78021719e+01 -9.31391373e+00  5.71140230e+00  1.96655500e+01
   3.31773698e+01  4.04598836e+01  5.26512658e+01  6.55625934e+01
   6.64393385e+01  7.58077722e+01  7.73854439e+01  6.64320841e+01
   6.51053393e+01  5.65818056e+01  4.45479357e+01  2.98141025e+01
   1.38382255e+01 -1.84465366e+00 -2.04912794e+01 -3.52944123e+01
  -6.36233744e+01 -8.18942253e+01 -9.90042776e+01 -1.10547668e+02
  -8.77589630e+01 -7.45850423e+01 -5.03558878e+01 -2.76666490e+01
  -1.45866006e+01  9.16951613e-01  1.36897914e+01  2.65237959e+01]
 [ 9.13652082e+01  6.44611190e+01  4.09402822e+01  2.22164842e+01
  -5.74084716e+00 -2.78641964e+01 -4.28880707e+01 -4.70613461e+01
  -2.92027344e+01 -9.96553098e+00  6.73158010e+00  2.35090602e+01
   3.78926437e+01  4.89863537e+01  6.15090720e+01  6.00471839e+01
   6.77691540e+01  7.24129292e+01  6.96026798e+01  7.25276173e+01
   6.80114151e+01  5.88055025e+01  4.17610006e+01  3.01714748e+01
   1.74964634e+01 -9.71341620e-01 -1.80583923e+01 -3.56419697e+01
  -6.11901798e+01 -7.71518062e+01 -1.05580470e+02 -1.01439334e+02
  -9.81878692e+01 -6.63296171e+01 -4.79527461e+01 -3.06769322e+01
  -1.49346370e+01  1.02244201e+00  1.44638448e+01  2.64182116e+01]
 [ 8.94012734e+01  7.82091290e+01  5.22481829e+01  3.29176356e+01
   8.19217567e+00 -1.41064924e+01 -2.87424083e+01 -2.79249681e+01
  -1.34530224e+01  2.48499993e+00  1.81328688e+01  3.04571854e+01
   3.78450180e+01  5.23316314e+01  5.77217978e+01  6.88992768e+01
   7.07176857e+01  7.19689435e+01  6.94596185e+01  6.45096084e+01
   5.63681020e+01  5.70831498e+01  3.87142791e+01  3.23334877e+01
   1.81611422e+01  2.06744629e+00 -1.32513363e+01 -3.20782192e+01
  -5.37380720e+01 -7.84372043e+01 -9.67421556e+01 -8.59498509e+01
  -8.52738791e+01 -6.63596743e+01 -4.12271692e+01 -2.44780147e+01
  -1.34147352e+01  5.14305293e-01  1.36558651e+01  2.28398269e+01]
 [ 8.88025419e+01  8.47504818e+01  7.39318497e+01  5.18334206e+01
   2.66428560e+01  9.41386336e+00 -3.23553970e+00 -2.85359196e+00
   7.65165022e+00  2.05684438e+01  2.96959650e+01  3.84912834e+01
   4.27786714e+01  4.96750190e+01  5.76390533e+01  5.70254533e+01
   5.39965553e+01  6.09590416e+01  5.17213683e+01  5.58354927e+01
   4.54420181e+01  4.25810869e+01  3.23790811e+01  2.57077151e+01
   1.70353261e+01  6.57014597e+00 -5.94904256e+00 -1.94124601e+01
  -3.53172322e+01 -5.44554055e+01 -7.19917787e+01 -6.94725659e+01
  -5.70374204e+01 -4.05420275e+01 -2.88016411e+01 -1.85840427e+01
  -8.04007982e+00  8.32628183e-02  7.66649659e+00  1.49284034e+01]]